INDEX.

150305356160001, spoken 59 Greeks
506 Trojano. 2. 423

Laocoon, 2. 261

15000600115650, term 01 1090005, 3. 248

109500, 01 15001010, 4. 524

1090000, 1. 726

105900, 0111351, 6. 646

Loto eaeor, 015 10000, 5. 761

Latin 5901065010 01 Greek 3001110010
-ov from proper 000150 10 -ηι,1. 120

-- kingdom under Aeneae 006 4005
01051263

—- 10030035 6010560010 1555500000·
01 56060115 ertiele, 5. 669

5006000115 infinitivo, 2. 585

10000105 populi, 6. 891

Ιιιιιι = virtus, 1. 461; 2. 252 ; 5. 355

Lavinio, 1. 258

15010100,615ι,11οι00,ιο011 three 015350
01 150 ’110950 6905019, 1. 6, 265

¹ 1001010510010051. 2

15031003, ,pert 01 150 1110319 05105 50
000501056 053115. 758
100005, 01 51000103, 6. 412

559

ιιι books 01 150 Aeneid: 1. 36, 44, 54,
59122, 301, 354, 375, 562, 587, 661,
692; 214, 85, 92, 169, 229, 305 (1),

490, 496, 5'64, 622 649, 725: 3. 43, 68, ,

88,93,138 506 139, 151, 152(1), 176,
199, 216, 228, 284, 372, 572, 582, 658ς
4,,671 96,119153158,ι160,175284,
526, 582, 572, 614, 6653 5. 31, 137,
447, 458, 866, 867· 6. 16, 239, 246, 255,
279, 278, 423, 578, 592, 595, 639, 675,
680, 728, 735, 785, 851

Laetos, 0153009 during ι 551115, 2 26,

Locos, 5. 761

hardeshem, 154

Lumen, the 113 ht 01 659 οι 1115, 2. 85

-- of the 590 2. 754; 3658

——- 01 0 659 6. 356

——- 90 reom,6. 646

10015050 retrngrushed from 00011, 4 363

—- ,511006 828

1001τιιιε1ιιιιιιιι,4.6

Lustretiou, performed 51 10001510, 6 229

Lux: Homerro 510 2. 281

¹ 1901105, 01 the Tiber, 2. 781

1091100, 11110 01 Ceret, 4, 58
mntem. 5. 269

10000501 05103384
Lethe, 6. 705

Letum, 01 things, 5. 696
150050ρί0, 6. 334

1000515, 3. 274

100οι5, 00001100ιί00 01, 2. 146
Levis, 01 51006, 5. 328
51505110οἩ0100 6 246
11500000151. 256

11551100 90011ιο10509 10 05011105, 4. 61
119517199001560 from the prow 01 5 050001,
--- 10 155 6056, 5. 77

⁴ 119095ἐ85000000195006 10 959103 ιοιιι,

tropario, 5. 37

’ 113 51 believed 10 50 155 150105905150-

⁴ held 59 the 69103, 4. 692
1101504137

Limen, 01 0 91011103- 90101, 5. 316
100900005000103. 146
119061οι, 01 510060, 5. 525

Litore, 2. 118-

-- with 505, 4. 50

111000οι, 01 0110510 50015, 3. 396
1110056167

1009 5, 5 466

1106100, 6. 326 Ι
Longon: 1009109005, 3. 383
lactem 0011090505, 01 69103, 4. 452
10011100, 15010105ιο000 01, 5. 422
1505110010115106597531110 the flret

11.

⁸ 11055000, 2. 263
· 1110051054. 89

1100010501001006 monning, 3. 64
M 0951151. 421; 4259
111091000115055915001500109509, 5. 502

--- .·...0051005669

’ e—-z 911011.;.1156353

510900 moenio for 150 00901111, 2. 295,
1109000100, 01 Aeneae, 1. 266; 5. 11
110900 000500012164

11090010 augurium, 5. 522

Maiora 00591510, 3 374

5101000605, 6. 276

1101195505, 6. 270

Mon 01 sorhre house, 2. 312
160051501015103101501010056 71
-01600509 6. 757

Moneo, altore 10, 3. 63

-- ,000 9156 with otuu, 4 34, 427
--- 9011, 6. 743 ·

16015ιῖ0010 fides, 2. 369 ; 3. 375

Manlius 1059051056. 825
5100050101011, 1455
-,0111351103, 2. 434

——, 01 greonol’ effort,4 344
-- ,01 16105 ,5 499
--, 01 00015150910110, 6. 683
5500011006 8551011. ’

Mare, 10051 1100501150 11ιο00001. 244
More 05590010, 5. 628

More eaelo 005550· 5 796

Marmoreae, 01 the 000,6 ,729

 

